# oST version 5.0 parameters


[image]

width
640

height
480

[narrow_stereo/left]

camera matrix
507.410087 0.000000 306.794274
0.000000 508.461304 252.655757
0.000000 0.000000 1.000000

distortion
-0.381058 0.176502 0.000800 -0.001910 0.000000

rectification
0.985016 -0.156732 0.071967
0.157461 0.987515 -0.004540
-0.070357 0.015804 0.997397

projection
595.880440 0.000000 242.322124 0.000000
0.000000 595.880440 241.053633 0.000000
0.000000 0.000000 1.000000 0.000000
# oST version 5.0 parameters


[image]

width
640

height
480

[narrow_stereo/right]

camera matrix
505.652600 0.000000 306.020295
0.000000 507.562746 241.953824
0.000000 0.000000 1.000000

distortion
-0.366768 0.130305 -0.000695 -0.000074 0.000000

rectification
0.984792 -0.163974 0.057427
0.163377 0.986450 0.014976
-0.059105 -0.005366 0.998237

projection
595.880440 0.000000 242.322124 -152.737072
0.000000 595.880440 241.053633 0.000000
0.000000 0.000000 1.000000 0.000000
