%YAML:1.0
image_width: 640
image_height: 480
camera_name: right_640
camera_matrix: !!opencv-matrix
   rows: 3
   cols: 3
   dt: d
   data: [ 4.8177984119766091e+02, 0., 3.4312328587903818e+02, 0.,
       4.7976398557180858e+02, 2.3242738558913729e+02, 0., 0., 1. ]
distortion_model: plumb_bob
distortion_coefficients: !!opencv-matrix
   rows: 1
   cols: 5
   dt: d
   data: [ -3.6427327088960998e-01, 1.2551614229991501e-01,
       -1.6020577776580001e-03, -9.5958706185400003e-04, 0. ]
rectification_matrix: !!opencv-matrix
   rows: 3
   cols: 3
   dt: d
   data: [ 9.9984071033283395e-01, 6.1112915710200000e-04,
       -1.7837614254365999e-02, -7.4484480085700001e-04,
       9.9997166770837098e-01, -7.4905932182940003e-03,
       1.7832531153956999e-02, 7.5026862984300001e-03,
       9.9981283775062102e-01 ]
projection_matrix: !!opencv-matrix
   rows: 3
   cols: 4
   dt: d
   data: [ 4.3159082847111358e+02, 0., 3.5020778656005859e+02,
       -2.7608986677806300e+01, 0., 4.3159082847111358e+02,
       2.3315425682067871e+02, 0., 0., 0., 1., 0. ]
